178.70187759 0.00000000
177.51431465 -52.67557361
181.49447441 -67.92466880
187.83354759 -74.45249562
195.57094574 -80.12359223
203.04894447 -82.03145578
210.34049988 -82.04275759
217.51451492 -82.42902161
224.65205193 -81.96213180
232.45429993 -81.67503039
238.93523216 -81.96022844
247.34950066 -83.85494429
254.92882729 -83.38230586
262.47978210 -85.31341045
268.80264282 -84.85694180
277.13584900 -83.99183668
58.83908272 -85.15812016
68.44091415 -84.85564801
149.43027496 -84.97262121
161.37886047 -86.73293135
316.43486023 -86.13305421
96.26960754 -86.72632959
102.16689110 -81.95932321
104.80546951 -73.72509507
106.72664642 -85.67913316
107.83314705 -92.09758035
107.05089569 -91.87206391
107.09953308 -93.88002674
111.50527000 -92.52303861
333.50253105 -93.52599612
333.30392838 -92.89438510
334.04970169 -92.51179977
334.83195305 -94.49999020
111.65523529 -92.62119867
114.90178108 -93.46011050
114.86935616 -93.46011050
112.42127419 -92.95570885
115.41247368 -94.36729747
116.17851257 -92.88483173
118.16859245 -94.33895321
